M=3 0.000649186697 3 -1.603746009994
M=4 0.000865582263 4 -1.628786610224
M=5 0.001081977828 5 -1.669885218487
M=6 0.001298373394 6 -1.688506411957
M=7 0.001514768960 7 -1.717255782162
M=8 0.001731164526 8 -1.737525601715
M=9 0.001947560091 9 -1.753545220883
M=10 0.002163955657 10 -1.761266777246
M=11 0.002380351223 11 -1.764370034261
M=12 0.002596746788 12 -1.781770087862
M=13 0.002813142354 13 -1.793271206873
M=14 0.003029537920 14 -1.799910519305
M=15 0.003245933485 15 -1.802443385382
M=16 0.003462329051 16 -1.804574421973
M=17 0.003678724617 17 -1.812702241120
M=18 0.003895120182 18 -1.816997144434
M=19 0.004111515748 19 -1.822218040534
M=20 0.004327911314 20 -1.825559783109
M=21 0.004544306879 21 -1.828509432518
M=22 0.004760702445 22 -1.832576072320
M=23 0.004977098011 23 -1.837169089324
M=24 0.005193493577 24 -1.835025357751
M=25 0.005409889142 25 -1.839606907745
M=26 0.005626284708 26 -1.839432656289
M=27 0.005842680274 27 -1.840628652379
M=28 0.006059075839 28 -1.841594961438
M=29 0.006275471405 29 -1.837760300476
M=30 0.006491866971 30 -1.836194297323
M=31 0.006708262536 31 -1.840246284059
M=32 0.006924658102 32 -1.834575896910
M=33 0.007141053668 33 -1.841607536187
M=34 0.007357449233 34 -1.839146809423
M=35 0.007573844799 35 -1.844302936261
M=36 0.007790240365 36 -1.839788277214
M=37 0.008006635930 37 -1.844047314554
M=38 0.008223031496 38 -1.847618648969
M=39 0.008439427062 39 -1.843184893703
M=40 0.008655822628 40 -1.842802035556
M=41 0.008872218193 41 -1.847513985959
M=42 0.009088613759 42 -1.844005106496
M=43 0.009305009325 43 -1.849951264488
M=44 0.009521404890 44 -1.848357644843
M=45 0.009737800456 45 -1.852916444761
M=46 0.009954196022 46 -1.848928643881
M=47 0.010170591587 47 -1.850726078100
M=48 0.010386987153 48 -1.849851197380
M=49 0.010603382719 49 -1.848222392338
M=50 0.010819778284 50 -1.847126131848
