M=2 0.000432791131  2 -1.356453611461
M=3 0.000649186697  3 -1.364315021654
M=4 0.000865582263  4 -1.429431181825
M=5 0.001081977828  5 -1.507227086571
M=6 0.001298373394  6 -1.573763672367
M=7 0.001514768960  7 -1.617615255916
M=8 0.001731164526  8 -1.650283717162
M=9 0.001947560091  9 -1.673355655439
M=10 0.002163955657 10 -1.692507911245
M=11 0.002380351223 11 -1.706595948461
M=12 0.002596746788 12 -1.723939383582
M=13 0.002813142354 13 -1.725698659089
M=14 0.003029537920 14 -1.735002547239
M=15 0.003245933485 15 -1.742781566803
M=16 0.003462329051 16 -1.743428215988
M=17 0.003678724617 17 -1.746223662422
M=18 0.003895120182 18 -1.745272883416
M=19 0.004111515748 19 -1.751314102095
M=20 0.004327911314 20 -1.756359508783
M=21 0.004544306879 21 -1.757664789752
M=22 0.004760702445 22 -1.760091949274
M=23 0.004977098011 23 -1.767311750962
M=24 0.005193493577 24 -1.763053039308
M=25 0.005409889142 25 -1.762846979255
M=26 0.005626284708 26 -1.762134256577
M=27 0.005842680274 27 -1.765761271359
M=28 0.006059075839 28 -1.763663147001
M=29 0.006275471405 29 -1.762906446735
M=30 0.006491866971 30 -1.766333944119
M=31 0.006708262536 31 -1.764653233349
M=32 0.006924658102 32 -1.768854620483
M=33 0.007141053668 33 -1.766494808693
M=34 0.007357449233 34 -1.763684183246
M=35 0.007573844799 35 -1.768514877244
M=36 0.007790240365 36 -1.763420576796
M=37 0.008006635930 37 -1.766314121574
M=38 0.008223031496 38 -1.770420309965
M=39 0.008439427062 39 -1.769536246025
M=40 0.008655822628 40 -1.765639531242
M=41 0.008872218193 41 -1.767106111681
M=42 0.009088613759 42 -1.768957678661
M=43 0.009305009325 43 -1.772257664078
M=44 0.009521404890 44 -1.765724593880
M=45 0.009737800456 45 -1.771260301083
M=46 0.009954196022 46 -1.769878840623
M=47 0.010170591587 47 -1.768370158161
M=48 0.010386987153 48 -1.769571440169
M=49 0.010603382719 49 -1.766383580029
M=50 0.010819778284 50 -1.766046891041
