M=2 0.000432791131 2 -1.38578105783558758191
M=3 0.000649186697 3 -1.46874394650370199145
M=4 0.000865582263 4 -1.55262478937410874913
M=5 0.001081977828 5 -1.69396033925429034817
M=6 0.001298373394 6 -1.71815030176405914020
M=7 0.001514768960 7 -1.75784746247238787831
M=8 0.001731164526 8 -1.76651036566724606303
M=9 0.001947560091 9 -1.78355777946311966353
M=10 0.002163955657 10 -1.78934024076012065940
M=11 0.002380351223 11 -1.79509639116774177836
M=12 0.002596746788 12 -1.79749577158075601879
M=13 0.002813142354 13 -1.80104626817158797181
M=14 0.003029537920 14 -1.80201468205285419977
M=15 0.003245933485 15 -1.80254914992080728098
M=16 0.003462329051 16 -1.80257489606639276225
M=17 0.003678724617 17 -1.80347772399883332639
M=18 0.003895120182 18 -1.80374188294310511260
M=19 0.004111515748 19 -1.80443025421113767415
M=20 0.004327911314 20 -1.80463900020412371106
M=21 0.004544306879 21 -1.80519010808501545462
M=22 0.004760702445 22 -1.80542879449249582535
M=23 0.004977098011 23 -1.80581910856190175352
M=24 0.005193493577 24 -1.80609291006065708629
M=25 0.005409889142 25 -1.80625120901109803562
M=26 0.005626284708 26 -1.80627892667296241491
M=27 0.005842680274 27 -1.80684992555774459611
M=28 0.006059075839 28 -1.80696203850544101499
M=29 0.006275471405 29 -1.80718667380244069065
M=30 0.006491866971 30 -1.80720551979273968968
M=31 0.006708262536 31 -1.80725512244397990003
M=32 0.006924658102 32 -1.80776135134178184138
M=33 0.007141053668 33 -1.80794727948226663372
M=34 0.007357449233 34 -1.80796286179257781335
M=35 0.007573844799 35 -1.80796978982305689421
M=36 0.007790240365 36 -1.80798658757929575636
M=37 0.008006635930 37 -1.80805564705153742899
M=38 0.008223031496 38 -1.80815696482714094451
M=39 0.008439427062 39 -1.80816563889912185203
M=40 0.008655822628 40 -1.80838128579593782064
M=41 0.008872218193 41 -1.80870713521344006480
M=42 0.009088613759 42 -1.80873647887637756249
M=43 0.009305009325 43 -1.80895486142305350619
M=44 0.009521404890 44 -1.80911163510452355219
M=45 0.009737800456 45 -1.80921970293227429849
M=46 0.009954196022 46 -1.80931856039162752836
M=47 0.010170591587 47 -1.80968613969148250931
M=48 0.010386987153 48 -1.81047999896807265685
M=49 0.010603382719 49 -1.81060256940333297315
M=50 0.010819778284 50 -1.81051333050005580638
